.	Basic Statistics	Per Base Sequence Quality	Per Sequence Quality Scores	Per Base Sequence Content	Per Sequence GC Content	Per Base N Content	Sequence Length Distribution	Sequence Duplication Levels	Overrepresented Sequences	Adapter Content
SRR11917047_1	1	0.25	1	0.25	0.25	1	0.5	0.25	0.25	1
SRR11917047_2	1	0.25	1	0.25	0.25	1	0.5	0.25	0.25	1
SRR11917048_1	1	0.25	1	0.25	0.25	1	0.5	0.25	0.25	1
SRR11917048_2	1	0.25	1	0.25	0.25	1	0.5	0.25	0.25	1
SRR11917049_1	1	0.25	1	0.25	0.25	1	0.5	0.25	0.25	1
SRR11917049_2	1	0.25	1	0.25	0.25	1	0.5	0.25	0.25	1
SRR11917050_1	1	0.25	1	0.25	0.25	1	0.5	0.25	0.25	1
SRR11917050_2	1	0.25	1	0.25	0.25	1	0.5	0.25	0.25	1
SRR11917051_1	1	0.25	1	0.25	0.25	1	0.5	0.25	0.25	1
SRR11917051_2	1	0.25	1	0.25	0.25	1	0.5	0.25	0.25	1
SRR11917052_1	1	0.25	1	0.25	0.25	1	0.5	0.25	0.25	1
SRR11917052_2	1	0.25	1	0.25	0.25	1	0.5	0.25	0.25	1
SRR11917053_1	1	0.25	1	0.25	0.25	1	0.5	0.25	0.25	1
SRR11917053_2	1	0.25	1	0.25	0.25	1	0.5	0.25	0.25	1
SRR11917054_1	1	0.25	1	0.25	0.25	1	0.5	0.25	0.25	1
SRR11917054_2	1	0.25	1	0.25	0.25	1	0.5	0.25	0.25	1
SRR11917055_1	1	0.25	1	0.25	0.25	0.5	0.5	0.25	0.25	1
SRR11917055_2	1	0.25	1	0.25	0.25	0.5	0.5	0.25	0.25	1
SRR11917056_1	1	0.25	1	0.25	0.25	0.5	0.5	0.25	0.25	1
SRR11917056_2	1	0.25	1	0.25	0.25	0.5	0.5	0.25	0.25	1
SRR11917057_1	1	1	1	0.25	0.25	1	0.5	0.25	0.25	1
SRR11917057_2	1	0.25	1	0.25	0.25	1	0.5	0.25	0.25	1
SRR11917058_1	1	0.25	1	0.25	0.25	1	0.5	0.25	0.25	1
SRR11917058_2	1	0.25	1	0.25	0.25	1	0.5	0.25	0.25	1
SRR11917059_1	1	0.25	1	0.25	0.25	1	0.5	0.25	0.25	1
SRR11917059_2	1	0.25	1	0.25	0.25	1	0.5	0.25	0.25	1
SRR11917060_1	1	0.25	1	0.25	0.25	1	0.5	0.25	0.25	1
SRR11917060_2	1	0.25	1	0.25	0.25	1	0.5	0.25	0.25	1
SRR11917061_1	1	0.25	1	0.25	0.25	1	0.5	0.25	0.25	1
SRR11917061_2	1	0.25	1	0.25	0.25	1	0.5	0.25	0.25	1
SRR11917062_1	1	0.25	1	0.25	0.25	1	0.5	0.25	0.25	1
SRR11917062_2	1	0.25	1	0.25	0.25	1	0.5	0.25	0.25	1
SRR11917063_1	1	0.25	1	0.25	0.25	1	0.5	0.25	0.25	1
SRR11917063_2	1	0.25	1	0.25	0.25	1	0.5	0.25	0.25	1
SRR11917064_1	1	0.25	1	0.25	0.25	1	0.5	0.25	0.25	1
SRR11917064_2	1	0.25	1	0.25	0.25	1	0.5	0.25	0.25	1
SRR11917065_1	1	1	1	0.25	0.25	1	0.5	0.25	0.25	1
SRR11917065_2	1	0.25	1	0.25	0.25	1	0.5	0.5	0.25	1
SRR11917066_1	1	0.25	1	0.25	0.25	1	0.5	0.25	0.25	1
SRR11917066_2	1	0.25	1	0.25	0.25	1	0.5	0.25	0.25	1
SRR11917067_1	1	0.5	1	0.25	0.25	0.5	0.5	0.25	0.25	1
SRR11917067_2	1	0.25	1	0.25	0.25	0.5	0.5	0.25	0.25	1
SRR11917068_1	1	0.25	1	0.25	0.25	1	0.5	0.25	0.25	1
SRR11917068_2	1	0.25	1	0.25	0.25	1	0.5	0.25	0.25	1
SRR11917069_1	1	0.25	1	0.25	0.25	1	0.5	0.25	0.25	1
SRR11917069_2	1	0.25	1	0.25	0.25	1	0.5	0.25	0.25	1
SRR11917070_1	1	0.25	1	0.25	0.25	1	0.5	0.25	0.25	1
SRR11917070_2	1	0.25	1	0.25	0.25	1	0.5	0.25	0.25	1
SRR11917071_1	1	0.25	1	0.25	0.25	1	0.5	0.25	0.25	1
SRR11917071_2	1	0.25	1	0.25	0.25	1	0.5	0.25	0.25	1
SRR11917072_1	1	0.25	1	0.25	0.25	1	0.5	0.25	0.25	1
SRR11917072_2	1	0.25	1	0.25	0.25	1	0.5	0.25	0.25	1
SRR11917073_1	1	0.25	1	0.25	0.25	1	0.5	0.25	0.25	1
SRR11917073_2	1	0.25	1	0.25	0.25	1	0.5	0.25	0.25	1
SRR11917074_1	1	1	1	0.25	0.25	1	0.5	1	0.25	1
SRR11917074_2	1	1	0.5	0.25	0.25	1	0.5	1	0.25	1
SRR11917075_1	1	0.25	1	0.25	0.25	1	0.5	0.25	0.25	1
SRR11917075_2	1	0.25	1	0.25	0.25	1	0.5	0.25	0.25	1
SRR11917076_1	1	0.5	1	0.25	0.25	1	0.5	0.25	0.25	1
SRR11917076_2	1	0.25	1	0.25	0.25	1	0.5	0.25	0.25	1
SRR11917077_1	1	0.5	1	0.25	0.25	1	0.5	0.25	0.25	1
SRR11917077_2	1	0.25	1	0.25	0.25	1	0.5	0.25	0.25	1
SRR11917078_1	1	0.25	1	0.25	0.25	1	0.5	0.25	0.25	1
SRR11917078_2	1	0.25	1	0.25	0.25	1	0.5	0.25	0.25	1
SRR11917079_1	1	0.25	1	0.25	0.25	1	0.5	0.25	0.25	1
SRR11917079_2	1	0.25	1	0.25	0.25	1	0.5	0.25	0.25	1
SRR11917080_1	1	0.25	1	0.25	0.25	1	0.5	0.25	0.25	1
SRR11917080_2	1	0.25	1	0.25	0.25	1	0.5	0.25	0.25	1
SRR11917081_1	1	0.25	1	0.25	0.25	1	0.5	0.25	0.25	1
SRR11917081_2	1	0.25	1	0.25	0.25	1	0.5	0.25	0.25	1
SRR11917082_1	1	0.25	1	0.25	0.25	1	0.5	0.25	0.25	1
SRR11917082_2	1	0.25	1	0.25	0.25	1	0.5	0.25	0.25	1
SRR11917083_1	1	0.25	1	0.25	0.25	1	0.5	0.25	0.25	1
SRR11917083_2	1	0.25	1	0.25	0.25	1	0.5	0.25	0.25	1
SRR11917084_1	1	0.25	1	0.25	0.25	1	0.5	0.25	0.25	1
SRR11917084_2	1	0.25	1	0.25	0.25	1	0.5	0.25	0.25	1
SRR11917085_1	1	0.25	1	0.25	0.25	1	0.5	0.25	0.25	1
SRR11917085_2	1	0.25	1	0.25	0.25	1	0.5	0.25	0.25	1
SRR11917086_1	1	0.25	1	0.25	0.25	1	0.5	0.25	0.25	1
SRR11917086_2	1	0.25	1	0.25	0.25	1	0.5	0.25	0.25	1
SRR11917087_1	1	0.25	1	0.25	0.25	1	0.5	0.25	0.25	1
SRR11917087_2	1	0.25	1	0.25	0.25	1	0.5	0.25	0.25	1
SRR11917088_1	1	0.25	1	0.25	0.25	1	0.5	0.25	0.25	1
SRR11917088_2	1	0.25	1	0.25	0.25	1	0.5	0.25	0.25	1
SRR11917089_1	1	0.25	1	0.25	0.25	1	0.5	0.25	0.25	1
SRR11917089_2	1	0.25	1	0.25	0.25	1	0.5	0.25	0.25	1
SRR11917090_1	1	0.25	1	0.25	0.25	1	0.5	0.25	0.25	1
SRR11917090_2	1	0.25	1	0.25	0.25	1	0.5	0.25	0.25	1
SRR11917091_1	1	0.25	1	0.25	0.25	1	0.5	0.25	0.25	1
SRR11917091_2	1	0.25	1	0.25	0.25	1	0.5	0.25	0.25	1
SRR11917092_1	1	1	1	0.25	0.25	1	0.5	1	0.25	1
SRR11917092_2	1	1	1	0.25	0.25	1	0.5	1	0.25	1
SRR11917093_1	1	0.5	1	0.25	0.25	1	0.5	0.25	0.25	1
SRR11917093_2	1	0.25	1	0.25	0.25	1	0.5	0.25	0.25	1
SRR11917094_1	1	0.5	1	0.25	0.25	1	0.5	0.25	0.25	1
SRR11917094_2	1	0.25	1	0.25	0.25	1	0.5	0.25	0.25	1
SRR11917095_1	1	0.25	1	0.25	0.25	1	0.5	0.25	0.25	1
SRR11917095_2	1	0.25	1	0.25	0.25	1	0.5	0.25	0.25	1
SRR11917096_1	1	0.5	1	0.25	0.25	1	0.5	0.25	0.25	1
SRR11917096_2	1	0.25	1	0.25	0.25	1	0.5	0.25	0.25	1
SRR11917097_1	1	0.25	1	0.25	0.25	1	0.5	0.25	0.25	1
SRR11917097_2	1	0.25	1	0.25	0.25	1	0.5	0.25	0.25	1
SRR11917098_1	1	0.25	1	0.25	0.25	1	0.5	0.25	0.25	1
SRR11917098_2	1	0.25	1	0.25	0.25	1	0.5	0.25	0.25	1
SRR11917099_1	1	0.25	1	0.25	0.25	1	0.5	0.25	0.25	1
SRR11917099_2	1	0.25	1	0.25	0.25	1	0.5	0.25	0.25	1
SRR11917100_1	1	0.25	1	0.25	0.25	1	0.5	0.25	0.25	1
SRR11917100_2	1	0.25	1	0.25	0.25	1	0.5	0.25	0.25	1
SRR11917101_1	1	0.25	1	0.25	0.25	1	0.5	0.25	0.25	1
SRR11917101_2	1	0.25	1	0.25	0.25	1	0.5	0.25	0.25	1
SRR11917102_2	1	0.25	1	0.25	0.25	1	0.5	0.25	0.25	1
SRR11917103_1	1	0.25	1	0.25	0.25	1	0.5	0.25	0.25	1
SRR11917103_2	1	0.25	1	0.25	0.25	1	0.5	0.25	0.25	1
SRR11917104_1	1	0.25	1	0.25	0.25	1	0.5	0.25	0.25	1
SRR11917104_2	1	0.25	1	0.25	0.25	1	0.5	0.25	0.25	1
SRR11917105_1	1	0.5	1	0.25	0.25	1	0.5	0.25	0.25	1
SRR11917106_1	1	0.25	1	0.25	0.25	1	0.5	0.25	0.25	1
SRR11917106_2	1	0.25	1	0.25	0.25	1	0.5	0.25	0.25	1
SRR11917107_1	1	0.25	1	0.25	0.25	1	0.5	0.25	0.25	1
SRR11917107_2	1	0.25	1	0.25	0.25	1	0.5	0.25	0.25	1
SRR11917108_1	1	1	1	0.25	0.25	1	0.5	0.25	0.25	1
SRR11917108_2	1	0.25	1	0.25	0.25	1	0.5	0.5	0.25	1
SRR11917109_1	1	0.25	1	0.25	0.25	1	0.5	0.25	0.25	1
SRR11917109_2	1	0.25	1	0.25	0.25	1	0.5	0.25	0.25	1
SRR11917110_1	1	0.25	1	0.25	0.25	1	0.5	0.25	0.25	1
SRR11917110_2	1	0.25	1	0.25	0.25	1	0.5	0.25	0.25	1
SRR11917111_1	1	0.25	1	0.25	0.25	1	0.5	0.25	0.25	1
SRR11917111_2	1	0.25	1	0.25	0.25	1	0.5	0.25	0.25	1
SRR11917112_1	1	0.5	1	0.25	0.25	1	0.5	0.25	0.25	1
SRR11917112_2	1	0.25	1	0.25	0.25	1	0.5	0.25	0.25	1
SRR11917113_1	1	0.25	1	0.25	0.25	1	0.5	0.25	0.25	1
SRR11917113_2	1	0.25	1	0.25	0.25	1	0.5	0.25	0.25	1
SRR11917114_1	1	0.25	1	0.25	0.25	1	0.5	0.25	0.25	1
SRR11917114_2	1	0.25	1	0.25	0.25	1	0.5	0.25	0.25	1
SRR11917115_1	1	0.25	1	0.25	0.25	1	0.5	0.25	0.25	1
SRR11917115_2	1	0.25	1	0.25	0.25	1	0.5	0.25	0.25	1
SRR11917116_1	1	0.25	1	0.25	0.25	1	0.5	0.25	0.25	1
SRR11917116_2	1	0.25	1	0.25	0.25	1	0.5	0.25	0.25	1
SRR11917117_1	1	0.25	1	0.25	0.25	1	0.5	0.25	0.25	1
SRR11917117_2	1	0.25	1	0.25	0.25	1	0.5	0.25	0.25	1
SRR11917118_1	1	0.25	1	0.25	0.25	1	0.5	0.25	0.25	1
SRR11917118_2	1	0.25	1	0.25	0.25	1	0.5	0.25	0.25	1
SRR11917119_1	1	0.25	1	0.25	0.25	1	0.5	0.25	0.25	1
SRR11917119_2	1	0.25	1	0.25	0.25	1	0.5	0.25	0.25	1
SRR11917120_1	1	0.25	1	0.25	0.25	1	0.5	0.25	0.25	1
SRR11917120_2	1	0.25	1	0.25	0.25	1	0.5	0.25	0.25	1
SRR11917121_1	1	0.25	1	0.25	0.25	1	0.5	0.25	0.25	1
SRR11917121_2	1	0.25	1	0.25	0.25	1	0.5	0.25	0.25	1
SRR11917122_1	1	0.25	1	0.25	0.25	1	0.5	0.25	0.25	1
SRR11917122_2	1	0.25	1	0.25	0.25	1	0.5	0.25	0.25	1
SRR11917123_1	1	0.25	1	0.25	0.25	1	0.5	0.25	0.25	1
SRR11917123_2	1	0.25	1	0.25	0.25	1	0.5	0.25	0.25	1
SRR11917124_1	1	0.5	1	0.25	0.25	1	0.5	0.25	0.25	1
SRR11917124_2	1	0.25	1	0.25	0.25	1	0.5	0.25	0.25	1
SRR11917125_1	1	1	1	0.25	0.25	1	0.5	1	0.25	1
SRR11917125_2	1	1	0.25	0.25	0.25	1	0.5	1	0.25	1
SRR11917126_1	1	0.5	1	0.25	0.25	1	0.5	0.25	0.25	1
SRR11917126_2	1	0.25	1	0.25	0.25	1	0.5	0.25	0.25	1
SRR11917127_1	1	0.25	1	0.25	0.25	1	0.5	0.25	0.25	1
SRR11917127_2	1	0.25	1	0.25	0.25	1	0.5	0.25	0.25	1
SRR11917128_1	1	0.25	1	0.25	0.25	1	0.5	0.25	0.25	1
SRR11917128_2	1	0.25	1	0.25	0.25	1	0.5	0.25	0.25	1
SRR11917129_1	1	0.25	1	0.25	0.25	1	0.5	0.25	0.25	1
SRR11917129_2	1	0.25	1	0.25	0.25	1	0.5	0.25	0.25	1
SRR11917130_1	1	0.25	1	0.25	0.25	1	0.5	0.25	0.25	1
SRR11917130_2	1	0.25	1	0.25	0.25	1	0.5	0.25	0.25	1
SRR11917131_1	1	0.25	1	0.25	0.25	1	0.5	0.25	0.25	1
SRR11917131_2	1	0.25	1	0.25	0.25	1	0.5	0.25	0.25	1
SRR11917132_1	1	0.25	1	0.25	0.25	1	0.5	0.25	0.25	1
SRR11917132_2	1	0.25	1	0.25	0.25	1	0.5	0.25	0.25	1
SRR11917133_1	1	0.25	1	0.25	0.25	1	0.5	0.25	0.25	1
SRR11917133_2	1	0.25	1	0.25	0.25	1	0.5	0.25	0.25	1
SRR11917134_1	1	1	1	0.25	0.25	1	0.5	0.25	0.25	1
SRR11917134_2	1	0.25	1	0.25	0.25	1	0.5	0.5	0.25	1
SRR11917135_1	1	0.25	1	0.25	0.25	1	0.5	0.25	0.25	1
SRR11917135_2	1	0.25	1	0.25	0.25	1	0.5	0.25	0.25	1
SRR11917136_1	1	0.25	1	0.25	0.25	1	0.5	0.25	0.25	1
SRR11917136_2	1	0.25	1	0.25	0.25	1	0.5	0.25	0.25	1
SRR11917137_1	1	0.25	1	0.25	0.25	1	0.5	0.25	0.25	1
SRR11917137_2	1	0.25	1	0.25	0.25	1	0.5	0.25	0.25	1
SRR11917138_1	1	0.25	1	0.25	0.25	1	0.5	0.25	0.25	1
SRR11917138_2	1	0.25	1	0.25	0.25	1	0.5	0.25	0.25	1
SRR11917139_1	1	0.25	1	0.25	0.25	1	0.5	0.25	0.25	1
SRR11917139_2	1	0.25	1	0.25	0.25	1	0.5	0.25	0.25	1
SRR11917140_1	1	0.25	1	0.25	0.25	1	0.5	0.25	0.25	1
SRR11917140_2	1	0.25	1	0.25	0.25	1	0.5	0.25	0.25	1
SRR11917141_1	1	0.25	1	0.25	0.25	1	0.5	0.25	0.25	1
SRR11917141_2	1	0.25	1	0.25	0.25	1	0.5	0.25	0.25	1
SRR11917142_1	1	0.25	1	0.25	0.25	1	0.5	0.25	0.25	1
SRR11917142_2	1	0.25	1	0.25	0.25	1	0.5	0.25	0.25	1
SRR11917143_1	1	1	1	0.25	0.25	1	1	1	0.25	1
SRR11917143_2	1	1	1	0.25	0.25	1	0.5	1	0.25	1
SRR11917144_1	1	0.25	1	0.25	0.25	1	0.5	0.25	0.25	1
SRR11917144_2	1	0.25	1	0.25	0.25	1	0.5	0.25	0.25	1
SRR11917145_1	1	0.25	1	0.25	0.25	1	0.5	0.25	0.25	1
SRR11917145_2	1	0.25	1	0.25	0.25	1	0.5	0.25	0.25	1
SRR11917146_1	1	0.25	1	0.25	0.25	1	0.5	0.25	0.25	1
SRR11917146_2	1	0.25	1	0.25	0.25	1	0.5	0.25	0.25	1
SRR11917147_1	1	0.25	1	0.25	0.25	1	0.5	0.25	0.25	1
SRR11917147_2	1	0.25	1	0.25	0.25	1	0.5	0.25	0.25	1
SRR11917148_1	1	0.25	1	0.25	0.25	1	0.5	0.25	0.25	1
SRR11917148_2	1	0.25	1	0.25	0.25	1	0.5	0.25	0.25	1
SRR11917149_1	1	0.25	1	0.25	0.25	1	0.5	0.25	0.25	1
SRR11917149_2	1	0.25	1	0.25	0.25	1	0.5	0.25	0.25	1
SRR11917150_1	1	0.25	1	0.25	0.25	1	0.5	0.25	0.25	1
SRR11917150_2	1	0.25	1	0.25	0.25	1	0.5	0.25	0.25	1
SRR11917151_1	1	0.25	1	0.25	0.25	1	0.5	0.25	0.25	1
SRR11917151_2	1	0.25	1	0.25	0.25	1	0.5	0.25	0.25	1
SRR11917152_1	1	0.25	1	0.25	0.25	1	0.5	0.25	0.25	1
SRR11917152_2	1	0.25	1	0.25	0.25	1	0.5	0.25	0.25	1
SRR11917153_1	1	1	1	0.25	0.25	1	0.5	0.25	0.25	1
SRR11917153_2	1	0.25	1	0.25	0.25	1	0.5	0.5	0.25	1
SRR11917154_1	1	0.25	1	0.25	0.25	1	0.5	0.25	0.25	1
SRR11917154_2	1	0.25	1	0.25	0.25	1	0.5	0.25	0.25	1
SRR11917155_1	1	0.5	1	0.25	0.25	0.5	0.5	0.25	0.25	1
SRR11917155_2	1	0.25	1	0.25	0.25	0.5	0.5	0.25	0.25	1
SRR11917156_1	1	0.25	1	0.25	0.25	1	0.5	0.25	0.25	1
SRR11917156_2	1	0.25	0.5	0.25	0.25	1	0.5	0.25	0.25	1
SRR11917157_1	1	0.25	1	0.25	0.25	1	0.5	0.25	0.25	1
SRR11917157_2	1	0.25	1	0.25	0.25	1	0.5	0.25	0.25	1
SRR11917158_1	1	0.25	1	0.25	0.25	1	0.5	0.25	0.25	1
SRR11917158_2	1	0.25	1	0.25	0.25	1	0.5	0.25	0.25	1
SRR11917159_1	1	0.25	1	0.25	0.25	1	0.5	0.25	0.25	1
SRR11917159_2	1	0.25	1	0.25	0.25	1	0.5	0.25	0.25	1
SRR11917160_1	1	0.25	1	0.25	0.25	1	0.5	0.25	0.25	1
SRR11917160_2	1	0.25	1	0.25	0.25	1	0.5	0.25	0.25	1
SRR11917161_1	1	0.25	1	0.25	0.25	1	0.5	0.25	0.25	1
SRR11917161_2	1	0.25	1	0.25	0.25	1	0.5	0.25	0.25	1
SRR11917162_1	1	1	1	0.25	0.25	1	0.5	0.5	0.25	1
SRR11917162_2	1	1	1	0.25	0.25	1	0.5	1	0.25	1
SRR11917163_1	1	0.25	1	0.25	0.25	1	0.5	0.25	0.25	1
SRR11917163_2	1	0.25	1	0.25	0.25	1	0.5	0.25	0.25	1
SRR11917164_1	1	0.5	1	0.25	0.25	0.5	0.5	0.25	0.25	1
SRR11917164_2	1	0.25	1	0.25	0.25	0.5	0.5	0.25	0.25	1
SRR11917165_1	1	0.5	1	0.25	0.25	1	0.5	0.25	0.25	1
SRR11917165_2	1	0.25	1	0.25	0.25	1	0.5	0.25	0.25	1
SRR11917166_1	1	0.25	1	0.25	0.25	1	0.5	0.25	0.25	1
SRR11917166_2	1	0.25	1	0.25	0.25	1	0.5	0.25	0.25	1
SRR11917167_1	1	1	1	0.25	0.25	1	0.5	0.25	0.25	1
SRR11917167_2	1	0.25	1	0.25	0.25	1	0.5	0.25	0.25	1
SRR11917168_1	1	0.25	1	0.25	0.25	1	0.5	0.25	0.25	1
SRR11917168_2	1	0.25	1	0.25	0.25	1	0.5	0.25	0.25	1
SRR11917169_1	1	0.25	1	0.25	0.25	1	0.5	0.25	0.25	1
SRR11917169_2	1	0.25	1	0.25	0.25	1	0.5	0.25	0.25	1
SRR11917170_1	1	0.25	1	0.25	0.25	1	0.5	0.25	0.25	1
SRR11917170_2	1	0.25	1	0.25	0.25	1	0.5	0.25	0.25	1
SRR11917171_1	1	0.25	1	0.25	0.25	1	0.5	0.25	0.25	1
SRR11917171_2	1	0.25	1	0.25	0.25	1	0.5	0.25	0.25	1
SRR11917172_1	1	0.25	1	0.25	0.25	1	0.5	0.25	0.25	1
SRR11917172_2	1	0.25	1	0.25	0.25	1	0.5	0.25	0.25	1
SRR11917173_1	1	1	1	0.25	0.25	1	0.5	1	0.25	1
SRR11917173_2	1	1	0.5	0.25	0.25	1	0.5	1	0.25	1
SRR11917174_1	1	0.25	1	0.25	0.25	1	0.5	0.25	0.25	1
SRR11917174_2	1	0.25	1	0.25	0.25	1	0.5	0.25	0.25	1
SRR11917175_1	1	0.25	1	0.25	0.25	1	0.5	0.25	0.25	1
SRR11917175_2	1	0.25	1	0.25	0.25	1	0.5	0.25	0.25	1
SRR11917176_1	1	0.25	1	0.25	0.25	1	0.5	0.25	0.25	1
SRR11917176_2	1	0.25	1	0.25	0.25	1	0.5	0.25	0.25	1
SRR11917177_1	1	0.25	1	0.25	0.25	1	0.5	0.25	0.25	1
SRR11917177_2	1	0.25	1	0.25	0.25	1	0.5	0.25	0.25	1
SRR11917178_1	1	0.25	1	0.25	0.25	1	0.5	0.25	0.25	1
SRR11917178_2	1	0.25	1	0.25	0.25	1	0.5	0.25	0.25	1
SRR11917179_1	1	0.25	1	0.25	0.25	1	0.5	0.25	0.25	1
SRR11917179_2	1	0.25	1	0.25	0.25	1	0.5	0.25	0.25	1
SRR11917180_1	1	0.25	1	0.25	0.25	1	0.5	0.25	0.25	1
SRR11917180_2	1	0.25	1	0.25	0.25	1	0.5	0.25	0.25	1
SRR11917181_1	1	0.25	1	0.25	0.25	1	0.5	0.25	0.25	1
SRR11917181_2	1	0.25	1	0.25	0.25	1	0.5	0.25	0.25	1
SRR11917182_1	1	1	1	0.25	0.25	1	0.5	0.5	0.25	1
SRR11917182_2	1	1	1	0.25	0.25	1	0.5	1	0.25	1
SRR11917183_1	1	1	1	0.25	0.25	1	0.5	0.25	0.25	1
SRR11917183_2	1	0.25	1	0.25	0.25	1	0.5	0.25	0.25	1
SRR11917184_1	1	0.5	1	0.25	0.25	0.5	0.5	0.25	0.25	1
SRR11917184_2	1	0.25	1	0.25	0.25	0.5	0.5	0.25	0.25	1
SRR11917185_1	1	1	1	0.25	0.25	1	0.5	0.25	0.25	1
SRR11917185_2	1	0.25	1	0.25	0.25	1	0.5	0.25	0.25	1
SRR11917186_1	1	0.25	1	0.25	0.25	1	0.5	0.25	0.25	1
SRR11917186_2	1	0.25	1	0.25	0.25	1	0.5	0.25	0.25	1
SRR11917187_1	1	0.5	1	0.25	0.25	1	0.5	0.25	0.25	1
SRR11917187_2	1	0.25	1	0.25	0.25	1	0.5	0.25	0.25	1
SRR11917188_1	1	0.25	1	0.25	0.25	1	0.5	0.25	0.25	1
SRR11917188_2	1	0.25	1	0.25	0.25	1	0.5	0.25	0.25	1
SRR11917189_1	1	0.25	1	0.25	0.25	1	0.5	0.25	0.25	1
SRR11917189_2	1	0.25	1	0.25	0.25	1	0.5	0.25	0.25	1
SRR11917190_1	1	0.25	1	0.25	0.25	1	0.5	0.25	0.25	1
SRR11917190_2	1	0.25	1	0.25	0.25	1	0.5	0.25	0.25	1
SRR11917191_1	1	1	1	0.25	0.25	1	0.5	0.25	0.25	1
SRR11917191_2	1	0.25	1	0.25	0.25	1	0.5	0.5	0.25	1
SRR11917192_1	1	0.25	1	0.25	0.25	1	0.5	0.25	0.25	1
SRR11917192_2	1	0.25	0.5	0.25	0.25	1	0.5	0.25	0.25	1
SRR11917193_1	1	0.25	1	0.25	0.25	1	0.5	0.25	0.25	1
SRR11917193_2	1	0.25	1	0.25	0.25	1	0.5	0.25	0.25	1
SRR11917194_1	1	0.25	1	0.25	0.25	1	0.5	0.25	0.25	1
SRR11917194_2	1	0.25	1	0.25	0.25	1	0.5	0.25	0.25	1
SRR11917195_1	1	1	1	0.25	0.25	1	0.5	0.5	0.25	1
SRR11917195_2	1	0.25	1	0.25	0.25	1	0.5	1	0.25	1
SRR11917196_1	1	0.25	1	0.25	0.25	1	0.5	0.25	0.25	1
SRR11917196_2	1	0.25	1	0.25	0.25	1	0.5	0.25	0.25	1
SRR11917197_1	1	0.25	1	0.25	0.25	1	0.5	0.25	0.25	1
SRR11917197_2	1	0.25	1	0.25	0.25	1	0.5	0.25	0.25	1
SRR11917198_1	1	0.25	1	0.25	0.25	1	0.5	0.25	0.25	1
SRR11917198_2	1	0.25	1	0.25	0.25	1	0.5	0.25	0.25	1
SRR11917199_1	1	0.25	1	0.25	0.25	1	0.5	0.25	0.25	1
SRR11917199_2	1	0.25	1	0.25	0.25	1	0.5	0.25	0.25	1
SRR11917200_1	1	0.25	1	0.25	0.25	1	0.5	0.25	0.25	1
SRR11917200_2	1	0.25	1	0.25	0.25	1	0.5	0.25	0.25	1
SRR11917201_1	1	0.25	1	0.25	0.25	1	0.5	0.25	0.25	1
SRR11917201_2	1	0.25	1	0.25	0.25	1	0.5	0.25	0.25	1
SRR11917202_1	1	0.25	1	0.25	0.25	1	0.5	0.25	0.25	1
SRR11917202_2	1	0.25	1	0.25	0.25	1	0.5	0.25	0.25	1
SRR11917203_1	1	0.5	1	0.25	0.25	1	0.5	0.25	0.25	1
SRR11917203_2	1	0.25	1	0.25	0.25	1	0.5	0.25	0.25	1
SRR11917204_1	1	1	1	0.25	0.25	1	0.5	0.25	0.25	1
SRR11917204_2	1	0.25	1	0.25	0.25	1	0.5	1	0.25	1
SRR11917205_1	1	0.25	1	0.25	0.25	1	0.5	0.25	0.25	1
SRR11917205_2	1	0.25	1	0.25	0.25	1	0.5	0.25	0.25	1
SRR11917206_1	1	0.25	1	0.25	0.25	1	0.5	0.25	0.25	1
SRR11917206_2	1	0.25	1	0.25	0.25	1	0.5	0.25	0.25	1
SRR11917207_1	1	0.25	1	0.25	0.25	1	0.5	0.25	0.25	1
SRR11917207_2	1	0.25	1	0.25	0.25	1	0.5	0.25	0.25	1
SRR11917208_1	1	0.25	1	0.25	0.25	1	0.5	0.25	0.25	1
SRR11917208_2	1	0.25	1	0.25	0.25	1	0.5	0.25	0.25	1
SRR11917209_1	1	0.25	1	0.25	0.25	1	0.5	0.25	0.25	1
SRR11917209_2	1	0.25	1	0.25	0.25	1	0.5	0.25	0.25	1
SRR11917210_1	1	0.25	1	0.25	0.25	1	0.5	0.25	0.25	1
SRR11917210_2	1	0.25	1	0.25	0.25	1	0.5	0.25	0.25	1
SRR11917211_1	1	0.25	1	0.25	0.25	1	0.5	0.25	0.25	1
SRR11917211_2	1	0.25	1	0.25	0.25	1	0.5	0.25	0.25	1
SRR11917212_1	1	1	0.25	0.25	0.25	0.5	0.5	0.5	0.25	1
SRR11917212_2	1	1	1	0.25	0.25	0.5	0.5	1	0.25	1
SRR11917213_1	1	0.5	1	0.25	0.25	0.5	0.5	0.25	0.25	1
SRR11917213_2	1	0.25	1	0.25	0.25	0.5	0.5	0.25	0.25	1
SRR11917214_1	1	1	1	0.25	0.25	1	0.5	1	0.25	1
SRR11917214_2	1	1	0.5	0.25	0.25	1	0.5	1	0.25	1
SRR11917215_1	1	0.25	1	0.25	0.25	1	0.5	0.25	0.25	1
SRR11917215_2	1	0.25	1	0.25	0.25	1	0.5	0.25	0.25	1
SRR11917216_1	1	0.25	1	0.25	0.25	1	0.5	0.25	0.25	1
SRR11917216_2	1	0.25	1	0.25	0.25	1	0.5	0.25	0.25	1
SRR11917217_1	1	0.25	1	0.25	0.25	0.5	0.5	0.25	0.25	1
SRR11917217_2	1	0.25	1	0.25	0.25	0.5	0.5	0.25	0.25	1
SRR11917218_1	1	0.25	1	0.25	0.25	1	0.5	0.25	0.25	1
SRR11917218_2	1	0.25	1	0.25	0.25	1	0.5	0.25	0.25	1
SRR11917219_1	1	0.25	1	0.25	0.25	1	0.5	0.25	0.25	1
SRR11917219_2	1	0.25	1	0.25	0.25	1	0.5	0.25	0.25	1
SRR11917220_1	1	0.25	1	0.25	0.25	1	0.5	0.25	0.25	1
SRR11917220_2	1	0.25	1	0.25	0.25	1	0.5	0.25	0.25	1
SRR11917221_1	1	0.25	1	0.25	0.25	1	0.5	0.25	0.25	1
SRR11917221_2	1	0.25	1	0.25	0.25	1	0.5	0.25	0.25	1
SRR11917222_1	1	1	1	0.25	0.25	1	0.5	0.5	0.25	1
SRR11917222_2	1	1	1	0.25	0.25	1	0.5	1	0.25	1
SRR11917223_1	1	0.5	1	0.25	0.25	1	0.5	0.25	0.25	1
SRR11917223_2	1	0.25	1	0.25	0.25	1	0.5	0.25	0.25	1
SRR11917224_1	1	0.5	1	0.25	0.25	1	0.5	0.25	0.25	1
SRR11917224_2	1	0.25	1	0.25	0.25	1	0.5	0.25	0.25	1
SRR11917225_1	1	1	1	0.25	0.25	0.5	0.5	0.5	0.25	1
SRR11917225_2	1	1	1	0.25	0.25	0.5	0.5	1	0.25	1
SRR11917226_1	1	0.5	1	0.25	0.25	0.5	0.5	0.25	0.25	1
SRR11917226_2	1	0.25	1	0.25	0.25	0.5	0.5	0.25	0.25	1
SRR11917227_1	1	0.25	1	0.25	0.25	1	0.5	0.25	0.25	1
SRR11917227_2	1	0.25	1	0.25	0.25	1	0.5	0.25	0.25	1
SRR11917228_1	1	0.25	1	0.25	0.25	1	0.5	0.25	0.25	1
SRR11917228_2	1	0.25	1	0.25	0.25	1	0.5	0.25	0.25	1
SRR11917229_1	1	0.25	1	0.25	0.25	1	0.5	0.25	0.25	1
SRR11917229_2	1	0.25	1	0.25	0.25	1	0.5	0.25	0.25	1
SRR11917230_1	1	0.25	1	0.25	0.25	1	0.5	0.25	0.25	1
SRR11917231_1	1	0.25	1	0.25	0.25	1	0.5	0.25	0.25	1
SRR11917231_2	1	0.25	1	0.25	0.25	1	0.5	0.25	0.25	1
SRR11917232_1	1	1	1	0.25	0.25	1	0.5	1	0.25	1
SRR11917232_2	1	1	1	0.25	0.25	1	0.5	1	0.25	1
SRR11917233_1	1	0.25	1	0.25	0.25	0.5	0.5	0.25	0.25	1
SRR11917233_2	1	0.25	0.25	0.25	0.25	0.5	0.5	0.25	0.25	1
SRR11917234_1	1	0.25	1	0.25	0.25	0.5	0.5	0.25	0.25	1
SRR11917234_2	1	0.25	1	0.25	0.25	0.5	0.5	0.25	0.25	1
SRR11917235_1	1	0.5	1	0.25	0.25	1	0.5	0.25	0.25	1
SRR11917235_2	1	0.25	1	0.25	0.25	1	0.5	0.25	0.25	1
SRR11917236_1	1	1	1	0.25	0.25	1	0.5	1	0.25	1
SRR11917236_2	1	1	1	0.25	0.25	1	0.5	1	0.25	1
SRR11917237_1	1	1	0.25	0.25	0.25	0.25	0.5	1	0.25	1
SRR11917237_2	1	1	0.25	0.25	0.25	0.25	0.5	1	0.25	1
SRR11917238_1	1	0.25	1	0.25	0.25	1	0.5	0.25	0.25	1
SRR11917238_2	1	0.25	1	0.25	0.25	1	0.5	0.25	0.25	1
SRR11917239_1	1	0.25	1	0.25	0.25	1	0.5	0.25	0.25	1
SRR11917239_2	1	0.25	1	0.25	0.25	1	0.5	0.25	0.25	1
SRR11917240_1	1	0.25	1	0.25	0.25	1	0.5	0.25	0.25	1
SRR11917240_2	1	0.25	1	0.25	0.25	1	0.5	0.25	0.25	1
SRR11917241_1	1	0.25	1	0.25	0.25	1	0.5	0.25	0.25	1
SRR11917241_2	1	0.25	1	0.25	0.25	1	0.5	0.25	0.25	1
SRR11917242_1	1	0.25	1	0.25	0.25	1	0.5	0.25	0.25	1
SRR11917242_2	1	0.25	1	0.25	0.25	1	0.5	0.25	0.25	1
SRR11917243_1	1	0.5	1	0.25	0.25	0.5	0.5	0.25	0.25	1
SRR11917243_2	1	0.25	1	0.25	0.25	0.5	0.5	0.25	0.25	1
SRR11917244_1	1	0.5	1	0.25	0.25	1	0.5	0.25	0.25	1
SRR11917244_2	1	0.25	1	0.25	0.25	1	0.5	0.25	0.25	1
SRR11917245_1	1	0.25	1	0.25	0.25	1	0.5	0.25	0.25	1
SRR11917245_2	1	0.25	1	0.25	0.25	1	0.5	0.25	0.25	1
SRR11917246_1	1	0.25	1	0.25	0.25	1	0.5	0.25	0.25	1
SRR11917246_2	1	0.25	1	0.25	0.25	1	0.5	0.25	0.25	1
SRR11917247_1	1	1	1	0.25	0.25	1	0.5	0.25	0.25	1
SRR11917247_2	1	0.25	1	0.25	0.25	1	0.5	1	0.25	1
SRR11917248_1	1	0.25	1	0.25	0.25	1	0.5	0.25	0.25	1
SRR11917248_2	1	0.25	1	0.25	0.25	1	0.5	0.25	0.25	1
SRR11917249_1	1	0.25	1	0.25	0.25	1	0.5	0.25	0.25	1
SRR11917249_2	1	0.25	1	0.25	0.25	1	0.5	0.25	0.25	1
SRR11917250_1	1	0.5	1	0.25	0.25	1	0.5	0.25	0.25	1
SRR11917250_2	1	0.25	1	0.25	0.25	1	0.5	0.25	0.25	1
SRR11917251_1	1	0.25	1	0.25	0.25	1	0.5	0.25	0.25	1
SRR11917251_2	1	0.25	1	0.25	0.25	1	0.5	0.25	0.25	1
SRR11917252_1	1	0.25	1	0.25	0.25	1	0.5	0.25	0.25	1
SRR11917252_2	1	0.25	1	0.25	0.25	1	0.5	0.25	0.25	1
SRR11917253_1	1	0.25	1	0.25	0.25	1	0.5	0.25	0.25	1
SRR11917253_2	1	0.25	1	0.25	0.25	1	0.5	0.25	0.25	1
SRR11917254_1	1	0.25	1	0.25	0.25	1	0.5	0.25	0.25	1
SRR11917254_2	1	0.25	1	0.25	0.25	1	0.5	0.25	0.25	1
SRR11917255_1	1	0.25	1	0.25	0.25	1	0.5	0.25	0.25	1
SRR11917255_2	1	0.25	1	0.25	0.25	1	0.5	0.25	0.25	1
SRR11917256_1	1	1	1	0.25	0.25	1	0.5	1	0.25	1
SRR11917256_2	1	1	1	0.25	0.25	1	0.5	1	0.25	1
SRR11917257_1	1	1	1	0.25	0.25	1	0.5	0.5	0.25	1
SRR11917257_2	1	1	1	0.25	0.25	1	0.5	0.5	0.25	1
SRR11917258_1	1	0.25	1	0.25	0.25	1	0.5	0.25	0.25	1
SRR11917258_2	1	0.25	1	0.25	0.25	1	0.5	0.25	0.25	1
SRR11917259_1	1	0.25	1	0.25	0.25	1	0.5	0.25	0.25	1
SRR11917259_2	1	0.25	1	0.25	0.25	1	0.5	0.25	0.25	1
SRR11917260_1	1	0.25	1	0.25	0.25	1	0.5	0.25	0.25	1
SRR11917260_2	1	0.25	1	0.25	0.25	1	0.5	0.25	0.25	1
SRR11917261_1	1	0.25	1	0.25	0.25	0.5	0.5	0.25	0.25	1
SRR11917261_2	1	0.25	1	0.25	0.25	0.5	0.5	0.25	0.25	1
SRR11917262_1	1	0.25	1	0.25	0.25	1	0.5	0.25	0.25	1
SRR11917262_2	1	0.25	1	0.25	0.25	1	0.5	0.25	0.25	1
SRR11917263_1	1	0.25	1	0.25	0.25	1	0.5	0.25	0.25	1
SRR11917263_2	1	0.25	1	0.25	0.25	1	0.5	0.25	0.25	1
SRR11917264_1	1	0.25	1	0.25	0.25	1	0.5	0.25	0.25	1
SRR11917264_2	1	0.25	1	0.25	0.25	1	0.5	0.25	0.25	1
SRR11917265_1	1	0.5	1	0.25	0.25	1	0.5	0.25	0.25	1
SRR11917265_2	1	0.25	1	0.25	0.25	1	0.5	0.25	0.25	1
SRR11917266_1	1	0.25	1	0.25	0.25	1	0.5	0.25	0.25	1
SRR11917266_2	1	0.25	1	0.25	0.25	1	0.5	0.25	0.25	1
SRR11917267_1	1	0.5	1	0.25	0.25	1	0.5	0.25	0.25	1
SRR11917267_2	1	0.25	1	0.25	0.25	1	0.5	0.25	0.25	1
SRR11917268_2	1	0.25	1	0.25	0.25	1	0.5	0.25	0.25	1
SRR11917269_1	1	0.25	1	0.25	0.25	0.5	0.5	0.25	0.25	1
SRR11917269_2	1	0.25	1	0.25	0.25	0.5	0.5	0.25	0.25	1
SRR11917270_1	1	0.25	1	0.25	0.25	1	0.5	0.25	0.25	1
SRR11917270_2	1	0.25	1	0.25	0.25	1	0.5	0.25	0.25	1
SRR11917271_1	1	0.25	1	0.25	0.25	1	0.5	0.25	0.25	1
SRR11917271_2	1	0.25	1	0.25	0.25	1	0.5	0.25	0.25	1
SRR11917272_1	1	0.25	1	0.25	0.25	1	0.5	0.25	0.25	1
SRR11917272_2	1	0.25	1	0.25	0.25	1	0.5	0.25	0.25	1
SRR11917273_1	1	0.25	1	0.25	0.25	1	0.5	0.25	0.25	1
SRR11917273_2	1	0.25	1	0.25	0.25	1	0.5	0.25	0.25	1
SRR11917274_1	1	0.25	1	0.25	0.25	1	0.5	0.25	0.25	1
SRR11917274_2	1	0.25	1	0.25	0.25	1	0.5	0.25	0.25	1
SRR11917275_1	1	1	1	0.25	0.25	1	0.5	1	0.25	1
SRR11917275_2	1	1	1	0.25	0.25	1	0.5	1	0.25	1
SRR11917276_1	1	1	1	0.25	0.25	1	0.5	0.25	0.25	1
SRR11917276_2	1	0.25	1	0.25	0.25	1	0.5	0.25	0.25	1
SRR11917277_1	1	0.25	1	0.25	0.25	0.25	0.5	0.25	0.25	1
SRR11917277_2	1	0.25	0.25	0.25	0.25	0.25	0.5	0.25	0.25	1
SRR11917278_1	1	0.5	1	0.25	0.25	1	0.5	0.25	0.25	1
SRR11917278_2	1	0.25	1	0.25	0.25	1	0.5	0.25	0.25	1
SRR11917279_1	1	0.25	1	0.25	0.25	1	0.5	0.25	0.25	1
SRR11917279_2	1	0.25	1	0.25	0.25	1	0.5	0.25	0.25	1
SRR11917280_1	1	0.25	1	0.25	0.25	1	0.5	0.25	0.25	1
SRR11917280_2	1	0.25	1	0.25	0.25	1	0.5	0.25	0.25	1
SRR11917281_1	1	0.25	1	0.25	0.25	1	0.5	0.25	0.25	1
SRR11917281_2	1	0.25	1	0.25	0.25	1	0.5	0.25	0.25	1
SRR11917282_1	1	0.25	1	0.25	0.25	1	0.5	0.25	0.25	1
SRR11917282_2	1	0.25	1	0.25	0.25	1	0.5	0.25	0.25	1
SRR11917283_1	1	0.25	1	0.25	0.25	1	0.5	0.25	0.25	1
SRR11917283_2	1	0.25	1	0.25	0.25	1	0.5	0.25	0.25	1
SRR11917284_1	1	0.25	1	0.25	0.25	1	0.5	0.25	0.25	1
SRR11917284_2	1	0.25	1	0.25	0.25	1	0.5	0.25	0.25	1
SRR11917285_1	1	0.25	1	0.25	0.25	1	0.5	0.25	0.25	1
SRR11917285_2	1	0.25	1	0.25	0.25	1	0.5	0.25	0.25	1
SRR11917286_1	1	0.25	1	0.25	0.25	1	0.5	0.25	0.25	1
SRR11917286_2	1	0.25	1	0.25	0.25	1	0.5	0.25	0.25	1
SRR11917287_1	1	0.5	1	0.25	0.25	1	0.5	0.25	0.25	1
SRR11917287_2	1	0.25	1	0.25	0.25	1	0.5	0.25	0.25	1
SRR11917288_1	1	1	1	0.25	0.25	1	0.5	0.25	0.25	1
SRR11917288_2	1	0.25	1	0.25	0.25	1	0.5	0.25	0.25	1
SRR11917289_1	1	0.25	1	0.25	0.25	1	0.5	0.25	0.25	1
SRR11917289_2	1	0.25	1	0.25	0.25	1	0.5	0.25	0.25	1
SRR11917290_1	1	0.25	1	0.25	0.25	1	0.5	0.25	0.25	1
SRR11917290_2	1	0.25	1	0.25	0.25	1	0.5	0.25	0.25	1
SRR11917291_1	1	0.25	1	0.25	0.25	1	0.5	0.25	0.25	1
SRR11917291_2	1	0.25	1	0.25	0.25	1	0.5	0.25	0.25	1
SRR11917292_1	1	0.25	1	0.25	0.25	1	0.5	0.25	0.25	1
SRR11917292_2	1	0.25	1	0.25	0.25	1	0.5	0.25	0.25	1
SRR11917293_1	1	0.25	1	0.25	0.25	1	0.5	0.25	0.25	1
SRR11917293_2	1	0.25	1	0.25	0.25	1	0.5	0.25	0.25	1
SRR11917294_1	1	0.25	1	0.25	0.25	1	0.5	0.25	0.25	1
SRR11917294_2	1	0.25	0.5	0.25	0.25	1	0.5	0.25	0.25	1
SRR11917295_1	1	0.25	1	0.25	0.25	1	0.5	0.25	0.25	1
SRR11917295_2	1	0.25	1	0.25	0.25	1	0.5	0.25	0.25	1
SRR11917296_1	1	0.25	1	0.25	0.25	1	0.5	0.25	0.25	1
SRR11917296_2	1	0.25	1	0.25	0.25	1	0.5	0.25	0.25	1
SRR11917297_1	1	0.5	1	0.25	0.25	0.5	0.5	0.25	0.25	1
SRR11917297_2	1	0.25	1	0.25	0.25	0.5	0.5	0.25	0.25	1
SRR11917298_1	1	0.25	1	0.25	0.25	1	0.5	0.25	0.25	1
SRR11917298_2	1	0.25	0.5	0.25	0.25	1	0.5	0.25	0.25	1
SRR11917299_1	1	0.25	1	0.25	0.25	1	0.5	0.25	0.25	1
SRR11917299_2	1	0.25	1	0.25	0.25	1	0.5	0.25	0.25	1
SRR11917300_1	1	0.25	1	0.25	0.25	1	0.5	0.25	0.25	1
SRR11917300_2	1	0.25	1	0.25	0.25	1	0.5	0.25	0.25	1
SRR11917301_1	1	0.25	1	0.25	0.25	1	0.5	0.25	0.25	1
SRR11917301_2	1	0.25	1	0.25	0.25	1	0.5	0.25	0.25	1
SRR11917302_1	1	0.25	1	0.25	0.25	1	0.5	0.25	0.25	1
SRR11917302_2	1	0.25	1	0.25	0.25	1	0.5	0.25	0.25	1
