Sample	fastqc-percent_duplicates	fastqc-percent_gc	fastqc-avg_sequence_length	fastqc-median_sequence_length	fastqc-percent_fails	fastqc-total_sequences
SRR11917047_1	94.53156413349417	53.0	296.3359971853639	294	50.0	0.019896
SRR11917047_2	84.9718536389224	54.0	299.17083835946926	301	50.0	0.019896
SRR11917048_1	94.11668706650347	53.0	291.08974908200736	294	50.0	0.04902
SRR11917048_2	83.37005303957568	53.0	294.57425540595676	301	50.0	0.04902
SRR11917049_1	91.03569908167609	49.0	295.28191327616616	294	50.0	0.016443
SRR11917049_2	84.06008635893693	50.0	297.841361065499	301	50.0	0.016443
SRR11917050_1	91.67713129621877	54.0	296.27253383563556	294	50.0	0.014334
SRR11917050_2	82.72638481931074	55.0	298.7970210687875	301	50.0	0.014334
SRR11917051_1	89.73204560307893	53.0	286.27775760656453	294	50.0	0.027541999999999997
SRR11917051_2	81.17057584779609	54.0	289.16420376152786	301	50.0	0.027541999999999997
SRR11917052_1	88.26318057750323	41.0	295.36991811521335	294	50.0	0.006960999999999999
SRR11917052_2	79.78738686970263	41.0	296.70083321361875	294	50.0	0.006960999999999999
SRR11917053_1	95.40106951871658	53.0	291.3614973262032	294	50.0	0.008414999999999999
SRR11917053_2	90.56446821152704	53.0	294.09714795008915	294	50.0	0.008414999999999999
SRR11917054_1	96.15384615384616	53.0	293.7222850678733	294	50.0	0.006188
SRR11917054_2	92.59857789269554	53.0	296.4866677440207	294	50.0	0.006188
SRR11917055_1	91.08461101646792	54.0	258.32254400908573	294	50.0	0.003522
SRR11917055_2	83.36172629187962	54.0	260.694491766042	294	50.0	0.003522
SRR11917056_1	95.85861250329728	54.0	267.7831267035962	294	50.0	0.011373
SRR11917056_2	91.69963949705442	54.0	270.23656906708874	294	50.0	0.011373
SRR11917057_1	86.93467336683418	53.0	278.91331658291455	294	40.0	0.0007959999999999999
SRR11917057_2	75.50251256281408	53.0	282.40201005025125	294	50.0	0.0007959999999999999
SRR11917058_1	97.09803921568627	55.0	294.35699346405227	294	50.0	0.003825
SRR11917058_2	94.98039215686275	55.0	296.8850980392157	294	50.0	0.003825
SRR11917059_1	81.07833163784333	54.0	289.5773143438454	294	50.0	0.001966
SRR11917059_2	69.93896236012208	55.0	292.2884028484232	301	50.0	0.001966
SRR11917060_1	90.56474301790983	50.0	293.21289370754135	294	50.0	0.014573
SRR11917060_2	79.87373910656694	50.0	296.81074589995194	301	50.0	0.014573
SRR11917061_1	88.70703764320785	46.0	293.3449263502455	294	50.0	0.017107999999999998
SRR11917061_2	79.63525835866261	47.0	296.0082125321487	301	50.0	0.017107999999999998
SRR11917062_1	90.20954998282377	53.0	295.93112332531774	294	50.0	0.011644
SRR11917062_2	69.16008244589489	53.0	298.6618000687049	301	50.0	0.011644
SRR11917063_1	87.60145714833514	53.0	288.98907138748643	294	50.0	0.015646999999999998
SRR11917063_2	76.64728062887454	54.0	295.15539720074133	301	50.0	0.015646999999999998
SRR11917064_1	90.53796419098143	54.0	293.8995150862069	294	50.0	0.024128
SRR11917064_2	80.24701591511936	55.0	297.5465019893899	301	50.0	0.024128
SRR11917065_1	60.509554140127385	53.0	287.9171974522293	292	40.0	0.000157
SRR11917065_2	38.21656050955414	53.0	292.6496815286624	301	40.0	0.000157
SRR11917066_1	95.79026030638934	54.0	293.8900236642172	294	50.0	0.008029
SRR11917066_2	91.46842695229792	54.0	296.4846182588118	294	50.0	0.008029
SRR11917067_1	90.20614828209764	53.0	256.84372513562386	294	40.0	0.013824999999999999
SRR11917067_2	77.90235081374323	53.0	261.1814466546112	294	50.0	0.013824999999999999
SRR11917068_1	92.80161109029599	54.0	296.13794960659425	294	50.0	0.021352
SRR11917068_2	84.83514424878231	54.0	298.7894810790558	301	50.0	0.021352
SRR11917069_1	92.92848581701958	51.0	293.38960747103476	294	50.0	0.020024
SRR11917069_2	82.92548941270475	52.0	295.96079704354776	301	50.0	0.020024
SRR11917070_1	94.7101329361796	53.0	295.3516557265523	294	50.0	0.054387
SRR11917070_2	87.36278890175961	53.0	297.90862706161397	301	50.0	0.054387
SRR11917071_1	93.05707812614193	45.0	295.55905137762187	294	50.0	0.013682999999999999
SRR11917071_2	83.23467075933641	45.0	297.53168164876126	301	50.0	0.013682999999999999
SRR11917072_1	93.27257162999143	54.0	296.1695704718264	294	50.0	0.019858999999999998
SRR11917072_2	83.05050606777783	55.0	298.5188831260386	301	50.0	0.019858999999999998
SRR11917073_1	89.20949804628795	54.0	296.59990231439735	294	50.0	0.013307999999999999
SRR11917073_2	78.05831079050195	55.0	298.82818605350167	301	50.0	0.013307999999999999
SRR11917074_1	4.878048780487802	48.0	297.9512195121951	301	30.0	4.1e-05
SRR11917074_2	0.0	49.0	299.6829268292683	301	30.0	4.1e-05
SRR11917075_1	96.46852675562744	54.0	294.38610324841625	294	50.0	0.007418999999999999
SRR11917075_2	93.13923709394797	54.0	297.08801725299907	294	50.0	0.007418999999999999
SRR11917076_1	96.66050776705673	44.0	293.8506124683501	294	40.0	0.029226
SRR11917076_2	93.64606856908232	44.0	294.9765619653733	294	50.0	0.029226
SRR11917077_1	93.03405572755418	45.0	292.7541279669763	294	40.0	0.0019379999999999998
SRR11917077_2	86.01651186790505	45.0	294.7079463364293	294	50.0	0.0019379999999999998
SRR11917078_1	92.9371387283237	54.0	293.5282695086705	294	50.0	0.005536
SRR11917078_2	86.63294797687861	54.0	296.22723988439304	294	50.0	0.005536
SRR11917079_1	94.67469058703304	53.0	293.75587600772116	294	50.0	0.008806999999999999
SRR11917079_2	89.54240944703076	53.0	296.31588509140454	294	50.0	0.008806999999999999
SRR11917080_1	91.92337164750958	54.0	293.367969348659	294	50.0	0.0065249999999999996
SRR11917080_2	86.55938697318008	54.0	295.93157088122604	294	50.0	0.0065249999999999996
SRR11917081_1	95.85595656339828	54.0	292.9342063238582	294	50.0	0.012523999999999999
SRR11917081_2	92.43053337591823	54.0	295.7194586394123	301	50.0	0.012523999999999999
SRR11917082_1	87.81495249896737	54.0	292.3358116480793	294	50.0	0.004842
SRR11917082_2	79.94630318050392	54.0	294.9354605534903	294	50.0	0.004842
SRR11917083_1	94.8729812501377	54.0	295.728292242272	294	50.0	0.045387
SRR11917083_2	88.91532817767202	55.0	298.3438429506246	301	50.0	0.045387
SRR11917084_1	88.64439795108578	53.0	289.9148690570666	294	50.0	0.013861
SRR11917084_2	81.53091407546353	53.0	295.1203015655436	301	50.0	0.013861
SRR11917085_1	96.42723297938788	54.0	291.9910056214866	294	50.0	0.008005
SRR11917085_2	93.6789506558401	54.0	294.59875078076203	294	50.0	0.008005
SRR11917086_1	90.32085781192227	51.0	291.17283595579477	294	50.0	0.024340999999999998
SRR11917086_2	79.368144283308	52.0	295.2081262068115	301	50.0	0.024340999999999998
SRR11917087_1	90.32413834731696	52.0	293.83153256473713	294	50.0	0.016567
SRR11917087_2	76.90589726564858	53.0	297.5577352568359	301	50.0	0.016567
SRR11917088_1	84.9009900990099	54.0	295.8926155115511	294	50.0	0.012119999999999999
SRR11917088_2	70.80033003300329	55.0	298.57582508250823	301	50.0	0.012119999999999999
SRR11917089_1	89.90609097109281	53.0	288.04094748439223	294	50.0	0.019060999999999998
SRR11917089_2	87.13079061958973	54.0	290.67567283983004	301	50.0	0.019060999999999998
SRR11917090_1	89.13714356252315	53.0	296.45266016541166	294	50.0	0.008100999999999999
SRR11917090_2	82.63177385507962	53.0	298.9930872731762	301	50.0	0.008100999999999999
SRR11917091_1	95.35841022001419	54.0	292.2279630943932	294	50.0	0.007045
SRR11917091_2	91.32718239886444	54.0	295.0690560681334	294	50.0	0.007045
SRR11917092_1	0.0	54.0	276.5	292	30.0	6e-06
SRR11917092_2	0.0	53.0	280.6666666666667	292	30.0	6e-06
SRR11917093_1	89.54498738671401	52.0	271.04881808838644	294	40.0	0.010702999999999999
SRR11917093_2	79.09931794823882	52.0	273.52443240213023	294	50.0	0.010702999999999999
SRR11917094_1	89.74736842105263	52.0	275.54515789473686	294	40.0	0.00475
SRR11917094_2	79.32631578947368	52.0	277.83484210526314	294	50.0	0.00475
SRR11917095_1	86.13639755260408	55.0	289.3867333233846	294	50.0	0.0067009999999999995
SRR11917095_2	74.82465303686017	55.0	292.0978958364423	301	50.0	0.0067009999999999995
SRR11917096_1	96.48454746136865	54.0	290.241059602649	294	40.0	0.01812
SRR11917096_2	92.75938189845475	54.0	292.6701986754967	294	50.0	0.01812
SRR11917097_1	92.84641994647869	54.0	295.3731153318974	294	50.0	0.015321
SRR11917097_2	81.11089354480778	54.0	298.7339599242869	301	50.0	0.015321
SRR11917098_1	93.01808416900936	53.0	296.17729618596064	294	50.0	0.023833
SRR11917098_2	84.54663701590232	53.0	298.9537406117568	301	50.0	0.023833
SRR11917099_1	95.10555034999724	52.0	296.0770131731246	294	50.0	0.036286
SRR11917099_2	85.49853938157968	52.0	298.61526484043435	301	50.0	0.036286
SRR11917100_1	90.99791766778792	49.0	296.0958139783224	294	50.0	0.018729
SRR11917100_2	86.73180628971114	50.0	297.874819798174	301	50.0	0.018729
SRR11917101_1	93.00518134715026	52.0	296.40807575486866	294	50.0	0.011193999999999999
SRR11917101_2	89.68197248525996	53.0	299.0018313382169	301	50.0	0.011193999999999999
SRR11917102_2	91.72246594320018	54.0	295.05962826137153	294	50.0	0.008662
SRR11917103_1	95.56678820019887	54.0	294.7276682134571	294	50.0	0.012067999999999999
SRR11917103_2	92.66655618163739	54.0	297.3924428239973	294	50.0	0.012067999999999999
SRR11917104_1	97.69720402956416	53.0	283.4419763802309	294	50.0	0.076038
SRR11917104_2	93.88332149714617	53.0	286.29572713643176	294	50.0	0.076038
SRR11917105_1	95.50207141448017	46.0	289.7094758992569	294	40.0	0.015207
SRR11917106_1	91.9753086419753	52.0	282.80864197530866	294	50.0	0.0014579999999999999
SRR11917106_2	84.63648834019205	53.0	286.0075445816187	294	50.0	0.0014579999999999999
SRR11917107_1	95.73618446476877	54.0	293.1393791060157	294	50.0	0.007763
SRR11917107_2	91.16321009918846	54.0	295.53774314053845	294	50.0	0.007763
SRR11917108_1	69.9074074074074	51.0	262.2916666666667	294	40.0	0.000216
SRR11917108_2	33.79629629629629	51.0	263.36805555555554	294	40.0	0.000216
SRR11917109_1	84.29928741092637	54.0	289.01912114014254	294	50.0	0.00421
SRR11917109_2	73.2541567695962	54.0	291.7857482185273	294	50.0	0.00421
SRR11917110_1	92.70677354003347	53.0	294.16017792653923	294	50.0	0.022706
SRR11917110_2	86.8625033030917	54.0	297.3540914295781	301	50.0	0.022706
SRR11917111_1	94.63176998758239	39.0	287.573693762537	294	50.0	0.010469
SRR11917111_2	91.23125417900468	39.0	288.032858916802	294	50.0	0.010469
SRR11917112_1	76.0074976569822	51.0	276.514526710403	294	40.0	0.001067
SRR11917112_2	60.63730084348641	51.0	278.7291471415183	294	50.0	0.001067
SRR11917113_1	91.39761167624945	56.0	294.5960305174701	294	50.0	0.009044
SRR11917113_2	80.90446704997788	56.0	297.9553295002211	301	50.0	0.009044
SRR11917114_1	92.5179856115108	53.0	294.6396258992806	294	50.0	0.017374999999999998
SRR11917114_2	74.95827338129496	54.0	298.2734964028777	301	50.0	0.017374999999999998
SRR11917115_1	90.08616047388261	51.0	291.2378298330641	294	50.0	0.01857
SRR11917115_2	75.35271943995693	51.0	294.90145395799675	301	50.0	0.01857
SRR11917116_1	91.42450547886723	52.0	293.0375551444429	294	50.0	0.035135
SRR11917116_2	78.92414970826812	53.0	296.7801906930411	301	50.0	0.035135
SRR11917117_1	84.32974378017082	47.0	296.0665924000495	294	50.0	0.008079
SRR11917117_2	78.45030325535339	47.0	297.5352766431489	301	50.0	0.008079
SRR11917118_1	85.61429955852267	54.0	296.17610638526975	294	50.0	0.009287
SRR11917118_2	78.33530741897276	55.0	298.6690535156671	301	50.0	0.009287
SRR11917119_1	91.14846951072548	54.0	293.243823812967	294	50.0	0.016596
SRR11917119_2	76.57266811279827	54.0	297.4471860689323	301	50.0	0.016596
SRR11917120_1	95.65217391304348	54.0	292.86838800816196	294	50.0	0.006371
SRR11917120_2	90.89624862658923	54.0	295.45958248312667	294	50.0	0.006371
SRR11917121_1	86.9325752864884	51.0	296.2748512036955	294	50.0	0.011257
SRR11917121_2	80.01243670604957	52.0	298.3081193923781	301	50.0	0.011257
SRR11917122_1	95.91527987897126	53.0	284.14967221381744	292	50.0	0.009915
SRR11917122_2	89.95461422087746	53.0	288.8671709531014	297	50.0	0.009915
SRR11917123_1	96.94810592566203	53.0	294.25614535090847	294	50.0	0.008421
SRR11917123_2	94.96496853105332	53.0	296.9894311839449	294	50.0	0.008421
SRR11917124_1	94.71028037383178	45.0	287.2603738317757	294	40.0	0.0214
SRR11917124_2	90.19158878504673	45.0	288.3565186915888	294	50.0	0.0214
SRR11917125_1	0.0	56.0	294.57142857142856	292	30.0	7e-06
SRR11917125_2	0.0	55.0	295.85714285714283	292	40.0	7e-06
SRR11917126_1	83.24175824175825	54.0	282.6050824175824	294	40.0	0.0029119999999999997
SRR11917126_2	69.47115384615384	54.0	284.8691620879121	294	50.0	0.0029119999999999997
SRR11917127_1	93.41475095785441	54.0	294.87324393358875	292	50.0	0.025056
SRR11917127_2	84.95370370370371	55.0	298.979845146871	301	50.0	0.025056
SRR11917128_1	91.0813704496788	53.0	294.22194860813704	292	50.0	0.00934
SRR11917128_2	79.97858672376873	54.0	298.834903640257	301	50.0	0.00934
SRR11917129_1	91.71249762943296	54.0	294.4231620203553	294	50.0	0.015819
SRR11917129_2	82.49573297932866	54.0	297.13449017004865	301	50.0	0.015819
SRR11917130_1	92.0044167316186	54.0	296.40000649519357	294	50.0	0.015396
SRR11917130_2	84.1127565601455	54.0	298.75850870355936	301	50.0	0.015396
SRR11917131_1	91.69250237266688	54.0	296.0916165770326	294	50.0	0.015805
SRR11917131_2	80.82252451755774	55.0	298.7531793736159	301	50.0	0.015805
SRR11917132_1	89.84126984126985	55.0	294.4829537612146	294	50.0	0.01449
SRR11917132_2	74.2167011732229	55.0	297.83129744651484	301	50.0	0.01449
SRR11917133_1	90.43565348022034	54.0	295.1066391253547	294	50.0	0.023964
SRR11917133_2	81.07995326322818	54.0	297.7127774995827	301	50.0	0.023964
SRR11917134_1	63.47826086956522	53.0	292.31304347826085	292	40.0	0.00011499999999999999
SRR11917134_2	35.652173913043484	53.0	296.4869565217391	301	40.0	0.00011499999999999999
SRR11917135_1	97.1884747988836	53.0	293.8976769003448	294	50.0	0.024364
SRR11917135_2	95.87095714989329	53.0	296.23202265637826	294	50.0	0.024364
SRR11917136_1	95.565749235474	54.0	294.052752293578	294	50.0	0.0019619999999999998
SRR11917136_2	89.80632008154944	54.0	296.7816004077472	294	50.0	0.0019619999999999998
SRR11917137_1	92.81702127659574	54.0	294.3695319148936	294	50.0	0.005875
SRR11917137_2	87.54042553191489	54.0	297.12502127659576	294	50.0	0.005875
SRR11917138_1	90.74241058010219	54.0	293.751127141569	294	50.0	0.006653999999999999
SRR11917138_2	85.03155996393147	54.0	295.81815449353775	294	50.0	0.006653999999999999
SRR11917139_1	89.32896688087	53.0	295.3774406821552	294	50.0	0.016184
SRR11917139_2	85.02224419179437	54.0	298.2205573405833	301	50.0	0.016184
SRR11917140_1	92.31635738424141	53.0	294.8987075354242	294	50.0	0.016867
SRR11917140_2	82.9430248414063	54.0	297.99804351692654	301	50.0	0.016867
SRR11917141_1	92.23963713118067	49.0	293.8074055777608	294	50.0	0.022267
SRR11917141_2	80.25328962141285	50.0	296.1224233170162	301	50.0	0.022267
SRR11917142_1	92.8609865470852	41.0	294.75188340807176	294	50.0	0.01115
SRR11917142_2	84.03587443946188	42.0	296.3391928251121	294	50.0	0.01115
SRR11917143_1	25.0	53.0	292.0	292	30.0	4e-06
SRR11917143_2	0.0	54.0	300.5	301	30.0	4e-06
SRR11917144_1	90.83893727262705	52.0	277.369878366957	294	50.0	0.027212999999999998
SRR11917144_2	84.18402969169146	53.0	286.7428251203469	301	50.0	0.027212999999999998
SRR11917145_1	88.71811641595815	49.0	294.78928221059516	294	50.0	0.012232
SRR11917145_2	85.16187050359713	50.0	296.83964192282536	301	50.0	0.012232
SRR11917146_1	88.59708469155545	50.0	283.8440863521742	294	50.0	0.016259
SRR11917146_2	72.86425979457532	50.0	288.36389076818995	301	50.0	0.016259
SRR11917147_1	92.26270542136967	40.0	295.1917071173753	294	50.0	0.017099
SRR11917147_2	86.84133575062869	40.0	296.4064857594011	294	50.0	0.017099
SRR11917148_1	83.69961657158889	55.0	296.0037875245488	294	50.0	0.010693
SRR11917148_2	74.25418498082858	55.0	298.24618909567005	301	50.0	0.010693
SRR11917149_1	96.65551839464882	53.0	293.39816053511703	292	50.0	0.01196
SRR11917149_2	94.82441471571906	53.0	297.13929765886286	300	50.0	0.01196
SRR11917150_1	95.94202898550725	55.0	291.89589371980674	294	50.0	0.006209999999999999
SRR11917150_2	92.27053140096618	55.0	294.6389694041868	294	50.0	0.006209999999999999
SRR11917151_1	84.2362724715666	53.0	289.5745383392442	294	50.0	0.008177
SRR11917151_2	74.03693286046227	53.0	291.7620765561942	294	50.0	0.008177
SRR11917152_1	89.87751169832094	54.0	296.4324938067713	294	50.0	0.014532
SRR11917152_2	86.46435452793834	54.0	298.5909028351225	301	50.0	0.014532
SRR11917153_1	52.5974025974026	54.0	135.39285714285714	34	40.0	0.000308
SRR11917153_2	42.2077922077922	53.0	137.7694805194805	34	40.0	0.000308
SRR11917154_1	83.0719557195572	55.0	283.17058733087333	294	50.0	0.006503999999999999
SRR11917154_2	70.9409594095941	55.0	285.7396217712177	294	50.0	0.006503999999999999
SRR11917155_1	93.12826664381801	53.0	259.2412389683832	294	40.0	0.011670999999999999
SRR11917155_2	86.05089538171536	53.0	261.60851683660354	294	50.0	0.011670999999999999
SRR11917156_1	91.64149567753358	54.0	296.0346578481408	294	50.0	0.019202
SRR11917156_2	66.75346318091866	55.0	299.11475367149256	301	50.0	0.019202
SRR11917157_1	94.29921786774855	53.0	296.44361955748883	294	50.0	0.023909
SRR11917157_2	88.31820653310469	54.0	299.0612949098666	301	50.0	0.023909
SRR11917158_1	90.88631651693159	52.0	292.7948341395992	294	50.0	0.023152
SRR11917158_2	76.5722183828611	52.0	295.669099861783	301	50.0	0.023152
SRR11917159_1	91.2929606071944	51.0	296.1517985996045	294	50.0	0.018709
SRR11917159_2	81.45277673846812	51.0	298.4234058474531	301	50.0	0.018709
SRR11917160_1	86.13122171945702	54.0	297.24010180995475	294	50.0	0.008839999999999999
SRR11917160_2	76.2556561085973	54.0	299.1634049773756	301	50.0	0.008839999999999999
SRR11917161_1	95.59719683120049	54.0	294.23613650213287	294	50.0	0.0065639999999999995
SRR11917161_2	90.72212065813528	54.0	297.04463741620964	301	50.0	0.0065639999999999995
SRR11917162_1	41.02564102564102	53.0	292.1923076923077	292	30.0	3.9e-05
SRR11917162_2	12.820512820512818	53.0	293.35897435897436	301	30.0	3.9e-05
SRR11917163_1	95.52586226191275	54.0	296.3188634481524	294	50.0	0.044678999999999996
SRR11917163_2	87.60939143669285	54.0	299.16342129412027	301	50.0	0.044678999999999996
SRR11917164_1	96.33642393304858	52.0	263.83758724867175	294	40.0	0.057594
SRR11917164_2	92.71278258151891	52.0	265.4210334409834	294	50.0	0.057594
SRR11917165_1	91.49354909249945	52.0	283.72698447408703	294	40.0	0.004573
SRR11917165_2	84.21167723595013	52.0	286.1663022086158	294	50.0	0.004573
SRR11917166_1	96.88786431747077	55.0	294.6405400955047	294	50.0	0.006072999999999999
SRR11917166_2	93.117075580438	55.0	297.33294911905153	294	50.0	0.006072999999999999
SRR11917167_1	86.57757117954678	54.0	282.61069145845437	294	40.0	0.0034419999999999997
SRR11917167_2	71.9639744334689	54.0	285.0419814061592	294	50.0	0.0034419999999999997
SRR11917168_1	90.87130165457657	49.0	296.1469149889967	294	50.0	0.012268999999999999
SRR11917168_2	75.37696633792484	50.0	298.4695166680251	301	50.0	0.012268999999999999
SRR11917169_1	92.3376082226029	45.0	293.8073984906709	294	50.0	0.043198
SRR11917169_2	83.49460623176999	45.0	295.6603546460484	301	50.0	0.043198
SRR11917170_1	92.18081031141557	53.0	295.61951868042723	294	50.0	0.022189
SRR11917170_2	81.35562666185947	54.0	298.3347153995223	301	50.0	0.022189
SRR11917171_1	87.45525822396455	52.0	295.18569967615474	294	50.0	0.011734
SRR11917171_2	69.18356911539117	53.0	298.1339696608147	301	50.0	0.011734
SRR11917172_1	95.1219512195122	53.0	294.08651093553186	294	50.0	0.008733
SRR11917172_2	90.5072712698958	53.0	296.69947326233824	294	50.0	0.008733
SRR11917173_1	6.666666666666671	53.0	293.8	292	30.0	1.4999999999999999e-05
SRR11917173_2	0.0	53.0	297.3333333333333	301	30.0	1.4999999999999999e-05
SRR11917174_1	90.01222349276448	51.0	282.82398170419145	294	50.0	0.025360999999999998
SRR11917174_2	73.23843697015101	52.0	290.28261898190135	301	50.0	0.025360999999999998
SRR11917175_1	85.95737366792713	54.0	290.8980749398419	294	50.0	0.005817999999999999
SRR11917175_2	74.16638019938124	54.0	293.4696631144723	294	50.0	0.005817999999999999
SRR11917176_1	95.00705569851415	54.0	295.28518856700146	294	50.0	0.072282
SRR11917176_2	89.26703743670623	54.0	298.25122437121274	301	50.0	0.072282
SRR11917177_1	91.91434273693295	53.0	293.67883920384054	294	50.0	0.018539
SRR11917177_2	78.79605156696694	54.0	296.5812880953665	301	50.0	0.018539
SRR11917178_1	90.87495442945679	52.0	293.7868209989063	294	50.0	0.02743
SRR11917178_2	80.0984323733139	53.0	296.81407218374045	301	50.0	0.02743
SRR11917179_1	91.62646970153753	48.0	295.89109134760326	294	50.0	0.013267999999999999
SRR11917179_2	75.98733795598432	49.0	298.2267862526379	301	50.0	0.013267999999999999
SRR11917180_1	94.4760820045558	53.0	292.68337129840546	292	50.0	0.001756
SRR11917180_2	88.8382687927107	53.0	296.90774487471526	300	50.0	0.001756
SRR11917181_1	88.04933607422635	50.0	295.55419745541417	294	50.0	0.017998999999999998
SRR11917181_2	77.80432246235902	51.0	297.66950941718983	301	50.0	0.017998999999999998
SRR11917182_1	37.2093023255814	52.0	288.19767441860466	294	30.0	4.2999999999999995e-05
SRR11917182_2	13.95348837209302	52.0	295.9418604651163	298	30.0	4.2999999999999995e-05
SRR11917183_1	77.56410256410257	53.0	290.07371794871796	294	40.0	0.000312
SRR11917183_2	61.858974358974365	53.0	293.18429487179486	301	50.0	0.000312
SRR11917184_1	95.4982206405694	44.0	263.21281138790033	294	40.0	0.02248
SRR11917184_2	90.92526690391459	44.0	263.88745551601426	294	50.0	0.02248
SRR11917185_1	88.88888888888889	51.0	288.5713333333333	294	40.0	0.00225
SRR11917185_2	79.28888888888889	51.0	291.24666666666667	294	50.0	0.00225
SRR11917186_1	92.28439059158946	53.0	282.61141304347825	294	50.0	0.011224
SRR11917186_2	86.94761225944404	53.0	284.95037419814685	294	50.0	0.011224
SRR11917187_1	84.80498374864572	54.0	285.13556338028167	294	40.0	0.003692
SRR11917187_2	71.61430119176597	54.0	287.9011375947996	294	50.0	0.003692
SRR11917188_1	94.03323574285596	54.0	291.9659189311781	294	50.0	0.024250999999999998
SRR11917188_2	84.28106057482165	55.0	294.8459857325471	301	50.0	0.024250999999999998
SRR11917189_1	92.70794618300751	54.0	295.73492901211625	294	50.0	0.013453
SRR11917189_2	74.22136326469932	54.0	298.39087935776405	301	50.0	0.013453
SRR11917190_1	94.56912028725314	54.0	292.3770646319569	294	50.0	0.022279999999999998
SRR11917190_2	84.1472172351885	55.0	295.1315305206463	301	50.0	0.022279999999999998
SRR11917191_1	66.66666666666667	53.0	287.42105263157896	294	40.0	0.00017099999999999998
SRR11917191_2	44.44444444444444	53.0	290.5263157894737	301	40.0	0.00017099999999999998
SRR11917192_1	93.53693845148034	54.0	296.188334734286	294	50.0	0.010707
SRR11917192_2	80.70421219762773	55.0	298.89011861399086	301	50.0	0.010707
SRR11917193_1	89.83207721803517	54.0	296.3351183392833	294	50.0	0.007562999999999999
SRR11917193_2	77.70725902419674	55.0	298.9873066243554	301	50.0	0.007562999999999999
SRR11917194_1	94.36870423560823	54.0	296.7486548808609	294	50.0	0.024718999999999998
SRR11917194_2	85.35134916461021	54.0	299.16487317448116	301	50.0	0.024718999999999998
SRR11917195_1	47.5177304964539	53.0	291.5531914893617	292	30.0	0.00014099999999999998
SRR11917195_2	26.95035460992908	53.0	293.5425531914894	294	40.0	0.00014099999999999998
SRR11917196_1	90.22899002134164	53.0	284.87125800311475	294	50.0	0.017336999999999998
SRR11917196_2	80.83290073253735	54.0	289.0270231297226	301	50.0	0.017336999999999998
SRR11917197_1	90.7496345792441	53.0	289.99377044616136	294	50.0	0.014367
SRR11917197_2	81.36006125147908	54.0	292.8065010092573	301	50.0	0.014367
SRR11917198_1	94.04187489229709	54.0	287.5866577632259	294	50.0	0.023212
SRR11917198_2	80.94520075822851	54.0	290.84895743580904	301	50.0	0.023212
SRR11917199_1	89.70938542162935	53.0	296.73386136255357	294	50.0	0.008395999999999999
SRR11917199_2	84.52834683182468	54.0	298.70938542162935	301	50.0	0.008395999999999999
SRR11917200_1	89.78060046189377	54.0	296.5871503720811	294	50.0	0.015588
SRR11917200_2	81.17141390813447	55.0	298.9668334616372	301	50.0	0.015588
SRR11917201_1	96.45959214501511	52.0	292.12056268882174	294	50.0	0.010591999999999999
SRR11917201_2	93.05135951661632	52.0	294.9977813444109	294	50.0	0.010591999999999999
SRR11917202_1	97.45728417266187	54.0	292.1937275179856	294	50.0	0.04448
SRR11917202_2	94.6695143884892	54.0	294.67725944244603	294	50.0	0.04448
SRR11917203_1	94.19907016060863	51.0	293.33479501267965	294	40.0	0.009464
SRR11917203_2	88.06001690617076	51.0	295.6327662721894	301	50.0	0.009464
SRR11917204_1	54.19847328244275	54.0	291.44274809160305	292	40.0	0.00013099999999999999
SRR11917204_2	28.244274809160302	54.0	296.17557251908397	301	40.0	0.00013099999999999999
SRR11917205_1	94.94011573139551	54.0	293.04070784551203	294	50.0	0.007430999999999999
SRR11917205_2	90.56654555241556	54.0	295.58599111828823	294	50.0	0.007430999999999999
SRR11917206_1	96.20663838283005	54.0	293.69004242575494	294	50.0	0.012020999999999999
SRR11917206_2	92.93735962066384	54.0	295.9292488145745	294	50.0	0.012020999999999999
SRR11917207_1	92.41130781610804	43.0	295.3195017843398	294	50.0	0.028582
SRR11917207_2	84.93107550206423	44.0	296.9911657686656	294	50.0	0.028582
SRR11917208_1	86.81730148482892	52.0	289.8094899935442	294	50.0	0.015489999999999999
SRR11917208_2	76.468689477082	53.0	295.6150742414461	301	50.0	0.015489999999999999
SRR11917209_1	87.76242035999024	55.0	294.25832956167534	294	50.0	0.028723
SRR11917209_2	76.74337638826029	55.0	297.528008912718	301	50.0	0.028723
SRR11917210_1	93.10433662516101	42.0	291.83580936024043	294	50.0	0.046579999999999996
SRR11917210_2	88.31258050665522	42.0	294.2847252039502	294	50.0	0.046579999999999996
SRR11917211_1	95.96477646603445	53.0	293.99975808012385	294	50.0	0.010334
SRR11917211_2	92.20050319334237	54.0	296.7663053996516	294	50.0	0.010334
SRR11917212_1	33.33333333333334	53.0	252.79166666666666	294	40.0	1.2e-05
SRR11917212_2	16.666666666666657	52.0	254.95833333333334	301	30.0	1.2e-05
SRR11917213_1	94.85657764589516	53.0	248.53354764259808	294	40.0	0.018198
SRR11917213_2	90.42202439828553	53.0	251.59377404110342	294	50.0	0.018198
SRR11917214_1	6.666666666666671	53.0	290.76666666666665	292	30.0	1.4999999999999999e-05
SRR11917214_2	0.0	53.0	293.56666666666666	298	30.0	1.4999999999999999e-05
SRR11917215_1	81.87516322799686	55.0	290.7550274223035	294	50.0	0.003829
SRR11917215_2	67.64168190127971	55.0	293.48145729955604	301	50.0	0.003829
SRR11917216_1	93.02624146253787	53.0	294.5583115082422	294	50.0	0.019473
SRR11917216_2	87.44928875879422	54.0	297.6059415601089	301	50.0	0.019473
SRR11917217_1	85.53610503282276	53.0	254.12111597374178	294	50.0	0.01371
SRR11917217_2	75.68198395331875	54.0	266.30630926331145	301	50.0	0.01371
SRR11917218_1	87.10445253430412	53.0	295.1252450294035	294	50.0	0.014284
SRR11917218_2	71.646597591711	54.0	298.41525483057967	301	50.0	0.014284
SRR11917219_1	87.30655251893316	54.0	294.6732795521897	294	50.0	0.012147999999999999
SRR11917219_2	75.66677642410274	55.0	297.9134425419822	301	50.0	0.012147999999999999
SRR11917220_1	84.75443383356071	47.0	292.9297407912688	294	50.0	0.008796
SRR11917220_2	71.31650750341063	47.0	296.43707366984995	301	50.0	0.008796
SRR11917221_1	95.5362553019592	53.0	292.8848717430822	294	50.0	0.009902
SRR11917221_2	91.06241163401333	54.0	295.7000100989699	301	50.0	0.009902
SRR11917222_1	35.13513513513513	52.0	285.05405405405406	292	30.0	3.7e-05
SRR11917222_2	13.513513513513516	52.0	288.4594594594595	292	30.0	3.7e-05
SRR11917223_1	93.20058280718796	52.0	281.6507204144407	294	40.0	0.006176999999999999
SRR11917223_2	85.85073660352921	52.0	283.3670875829691	294	50.0	0.006176999999999999
SRR11917224_1	87.59016831418649	53.0	275.32240181672455	294	40.0	0.007486
SRR11917224_2	75.92839967940155	53.0	277.95271172855996	294	50.0	0.007486
SRR11917225_1	39.28571428571429	55.0	160.80357142857142	114	30.0	2.8e-05
SRR11917225_2	17.85714285714286	54.0	164.125	114	30.0	2.8e-05
SRR11917226_1	94.39858191947329	50.0	254.44102304380857	294	40.0	0.019745
SRR11917226_2	87.1511775132945	50.0	256.6173461635857	294	50.0	0.019745
SRR11917227_1	87.40028832292167	51.0	295.39692455550215	294	50.0	0.010405
SRR11917227_2	80.51898125901009	51.0	297.2372897645363	301	50.0	0.010405
SRR11917228_1	90.55446671303028	54.0	296.73079597900994	294	50.0	0.015816999999999998
SRR11917228_2	84.08041980147942	55.0	298.9137320604413	301	50.0	0.015816999999999998
SRR11917229_1	90.6919564453811	47.0	296.35588338602037	294	50.0	0.014235
SRR11917229_2	84.71373375482965	47.0	297.84179838426417	301	50.0	0.014235
SRR11917230_1	91.26226553634604	54.0	296.4360857085642	294	50.0	0.014981
SRR11917231_1	95.58859975216852	53.0	294.0622057001239	294	50.0	0.008069999999999999
SRR11917231_2	90.65675340768277	53.0	296.7522304832714	301	50.0	0.008069999999999999
SRR11917232_1	22.58064516129032	52.0	293.7741935483871	292	30.0	3.1e-05
SRR11917232_2	6.451612903225808	52.0	296.51612903225805	300	30.0	3.1e-05
SRR11917233_1	90.64422143088379	52.0	244.01133052767887	294	50.0	0.0030889999999999997
SRR11917233_2	83.10132729038524	52.0	246.049854321787	294	60.0	0.0030889999999999997
SRR11917234_1	94.03857393337229	54.0	274.7602070635385	294	50.0	0.011977
SRR11917234_2	89.41304166318778	54.0	277.1526258662436	294	50.0	0.011977
SRR11917235_1	95.87026694676436	49.0	293.7465542860071	294	40.0	0.019517
SRR11917235_2	91.35625352257007	49.0	295.4245273351437	294	50.0	0.019517
SRR11917236_1	5.26315789473685	48.0	297.5	300	30.0	3.7999999999999995e-05
SRR11917236_2	0.0	48.0	299.05263157894734	301	30.0	3.7999999999999995e-05
SRR11917237_1	0.0	51.0	213.625	224	50.0	4e-06
SRR11917237_2	0.0	50.0	212.0	224	50.0	4e-06
SRR11917238_1	97.58841954809476	55.0	294.9812669160356	294	50.0	0.032882999999999996
SRR11917238_2	96.00705531733723	55.0	297.3498768360551	294	50.0	0.032882999999999996
SRR11917239_1	97.69227247058106	53.0	294.90759169095986	294	50.0	0.065519
SRR11917239_2	96.759718554923	53.0	297.43825455211464	294	50.0	0.065519
SRR11917240_1	93.9124683689901	54.0	296.3477829537612	294	50.0	0.034776
SRR11917240_2	87.92845640671727	55.0	298.6216068553025	301	50.0	0.034776
SRR11917241_1	95.6158307744797	54.0	292.3856192425793	294	50.0	0.005862
SRR11917241_2	91.79460934834528	54.0	295.20658478335037	294	50.0	0.005862
SRR11917242_1	98.20724323723823	54.0	293.86089818363604	294	50.0	0.07201199999999999
SRR11917242_2	96.1173137810365	54.0	296.50214547575405	294	50.0	0.07201199999999999
SRR11917243_1	91.73415247137672	49.0	275.42362468584196	294	40.0	0.003581
SRR11917243_2	86.34459648142978	49.0	276.80382574699803	294	50.0	0.003581
SRR11917244_1	95.69798068481124	42.0	293.23210152446325	294	40.0	0.012529
SRR11917244_2	91.79503551759917	42.0	294.04242158192994	294	50.0	0.012529
SRR11917245_1	95.72957295729573	42.0	289.73842384238424	294	50.0	0.009999
SRR11917245_2	93.55935593559356	42.0	290.61941194119413	294	50.0	0.009999
SRR11917246_1	93.99241761446486	54.0	292.01582093904926	294	50.0	0.0068579999999999995
SRR11917246_2	88.04316127150773	54.0	294.6580635753864	294	50.0	0.0068579999999999995
SRR11917247_1	53.284671532846716	53.0	286.63868613138686	294	40.0	0.000137
SRR11917247_2	27.00729927007299	53.0	288.7299270072993	294	40.0	0.000137
SRR11917248_1	91.33833315728319	55.0	293.62992500264073	294	50.0	0.009467
SRR11917248_2	83.7118411323545	55.0	296.10034857927536	294	50.0	0.009467
SRR11917249_1	89.31626953263098	53.0	294.3650215654387	294	50.0	0.014143
SRR11917249_2	78.44163190270805	54.0	297.2387753659054	301	50.0	0.014143
SRR11917250_1	95.06375772066148	54.0	271.81878860330744	294	40.0	0.020076
SRR11917250_2	89.41522215580792	53.0	274.0265740187288	294	50.0	0.020076
SRR11917251_1	88.81793881793882	52.0	292.114307989308	294	50.0	0.013467999999999999
SRR11917251_2	74.79209979209979	53.0	296.1179091179091	301	50.0	0.013467999999999999
SRR11917252_1	79.9765636443533	50.0	297.5664274205361	301	50.0	0.006827
SRR11917252_2	74.24930423319174	50.0	298.68412186904936	301	50.0	0.006827
SRR11917253_1	90.07571345369831	53.0	295.6593185789167	294	50.0	0.017169999999999998
SRR11917253_2	79.08561444379731	54.0	298.2118229470006	301	50.0	0.017169999999999998
SRR11917254_1	97.66291368133743	54.0	293.4521372520349	294	50.0	0.041034
SRR11917254_2	94.48993517570796	54.0	295.98365989179706	294	50.0	0.041034
SRR11917255_1	97.60045234477153	54.0	294.4994345690356	294	50.0	0.028297
SRR11917255_2	94.37396190408877	54.0	297.31517475350745	294	50.0	0.028297
SRR11917256_1	12.5	50.0	293.125	292	30.0	8e-06
SRR11917256_2	0.0	50.0	297.5	299	30.0	8e-06
SRR11917257_1	43.63636363636364	45.0	296.09090909090907	301	30.0	5.4999999999999995e-05
SRR11917257_2	43.63636363636364	40.0	295.6363636363636	301	30.0	5.4999999999999995e-05
SRR11917258_1	85.11097410604192	52.0	293.3045622688039	294	50.0	0.003244
SRR11917258_2	77.92848335388409	53.0	294.8625154130703	294	50.0	0.003244
SRR11917259_1	88.27855153203343	54.0	289.17119777158774	294	50.0	0.008975
SRR11917259_2	77.72701949860723	55.0	292.2540389972145	294	50.0	0.008975
SRR11917260_1	93.42865395725015	46.0	294.44342143269785	294	50.0	0.013848
SRR11917260_2	84.06990179087234	47.0	296.7828206239168	301	50.0	0.013848
SRR11917261_1	86.21454993834772	54.0	264.31837237977805	294	50.0	0.004055
SRR11917261_2	75.33908754623921	54.0	266.85548705302097	294	50.0	0.004055
SRR11917262_1	90.26155499820852	48.0	290.1753135077033	294	50.0	0.013954999999999999
SRR11917262_2	80.41562164098889	49.0	293.84256538874956	301	50.0	0.013954999999999999
SRR11917263_1	86.91964285714286	53.0	296.14029017857143	294	50.0	0.00896
SRR11917263_2	76.68526785714286	54.0	298.6142299107143	301	50.0	0.00896
SRR11917264_1	82.49234929898228	55.0	294.4664436694897	294	50.0	0.014051
SRR11917264_2	75.46082129385809	56.0	297.328980143762	301	50.0	0.014051
SRR11917265_1	96.0030549898167	53.0	293.1996563136456	294	40.0	0.007856
SRR11917265_2	92.01883910386965	53.0	296.19749236252545	301	50.0	0.007856
SRR11917266_1	98.65973438573931	54.0	294.8565283905727	294	50.0	0.090206
SRR11917266_2	96.21643793095802	54.0	297.6653714830499	294	50.0	0.090206
SRR11917267_1	95.5331212833633	50.0	289.95837366892545	292	40.0	0.014462
SRR11917267_2	91.55718434518047	51.0	294.1899460655511	294	50.0	0.014462
SRR11917268_2	71.24336144954702	55.0	291.7163386441737	294	50.0	0.006402
SRR11917269_1	94.40052597799033	54.0	279.75646123260435	294	50.0	0.063881
SRR11917269_2	89.02334027332071	54.0	282.30340789906234	301	50.0	0.063881
SRR11917270_1	92.72593681116825	53.0	295.92275287778597	294	50.0	0.020415
SRR11917270_2	84.7807984325251	54.0	298.9771981386236	301	50.0	0.020415
SRR11917271_1	87.72702256466704	43.0	295.4605118326912	294	50.0	0.007267999999999999
SRR11917271_2	77.49036873968079	44.0	297.4041689598239	294	50.0	0.007267999999999999
SRR11917272_1	83.81989114299851	54.0	292.554379020287	294	50.0	0.010105
SRR11917272_2	74.54725383473527	55.0	295.6217714002969	301	50.0	0.010105
SRR11917273_1	88.5744889761671	54.0	286.29398375435153	294	50.0	0.011203
SRR11917273_2	81.26394715701151	55.0	290.543827546193	301	50.0	0.011203
SRR11917274_1	95.83927044742092	53.0	293.85729552579085	294	50.0	0.007018
SRR11917274_2	91.73553719008264	53.0	296.698347107438	301	50.0	0.007018
SRR11917275_1	30.0	53.0	284.2	292	30.0	1.9999999999999998e-05
SRR11917275_2	5.0	53.0	287.8	292	30.0	1.9999999999999998e-05
SRR11917276_1	94.8339723178894	53.0	272.05695626746376	294	40.0	0.015389
SRR11917276_2	88.17337058938203	53.0	274.8500227435181	294	50.0	0.015389
SRR11917277_1	94.3003501491376	50.0	223.61308520295682	294	60.0	0.015422
SRR11917277_2	90.24121385034367	50.0	225.12310335883802	294	70.0	0.015422
SRR11917278_1	90.79699493712232	53.0	272.8629348358648	294	40.0	0.012246
SRR11917278_2	80.69573738363547	54.0	275.4796668299853	294	50.0	0.012246
SRR11917279_1	90.30402245088868	52.0	294.4281337698784	294	50.0	0.02138
SRR11917279_2	81.16931711880262	53.0	298.0352666043031	301	50.0	0.02138
SRR11917280_1	90.79887503800548	53.0	295.4831635755549	292	50.0	0.026312
SRR11917280_2	88.16889632107024	54.0	299.02238522347216	301	50.0	0.026312
SRR11917281_1	94.15904292751583	38.0	294.06873094065213	294	50.0	0.004262999999999999
SRR11917281_2	90.92188599577761	38.0	294.687074829932	294	50.0	0.004262999999999999
SRR11917282_1	91.26662810873337	53.0	291.86003470213996	294	50.0	0.01729
SRR11917282_2	84.23944476576055	54.0	294.9088201272412	301	50.0	0.01729
SRR11917283_1	92.70599178358268	46.0	295.6488256724285	294	50.0	0.012901
SRR11917283_2	79.80001550267421	47.0	297.89489186884737	301	50.0	0.012901
SRR11917284_1	94.09542219488621	54.0	295.7009709164397	294	50.0	0.022761999999999998
SRR11917284_2	84.10069413935507	55.0	298.79272471663296	301	50.0	0.022761999999999998
SRR11917285_1	94.84126984126985	54.0	289.95934484905075	294	50.0	0.012851999999999999
SRR11917285_2	91.4021164021164	54.0	292.5616635543106	294	50.0	0.012851999999999999
SRR11917286_1	95.47447816172601	54.0	293.89940361340115	294	50.0	0.0057009999999999995
SRR11917286_2	90.91387475881425	54.0	296.736800561305	301	50.0	0.0057009999999999995
SRR11917287_1	94.25287356321839	54.0	285.13915229885055	294	40.0	0.00696
SRR11917287_2	88.46264367816092	54.0	287.5991379310345	294	50.0	0.00696
SRR11917288_1	84.00702987697716	52.0	280.4244288224956	294	40.0	0.000569
SRR11917288_2	73.63796133567664	52.0	281.9437609841828	294	50.0	0.000569
SRR11917289_1	95.2094981707738	54.0	287.8910747566784	294	50.0	0.014487
SRR11917289_2	90.84006350521157	54.0	290.58942500172566	294	50.0	0.014487
SRR11917290_1	89.35473304945955	55.0	292.89813298395023	294	50.0	0.0061059999999999994
SRR11917290_2	77.67769407140517	55.0	295.8263183753685	301	50.0	0.0061059999999999994
SRR11917291_1	91.50190255912855	50.0	283.6616429157651	294	50.0	0.013403
SRR11917291_2	83.20525255539805	51.0	286.5585316720137	301	50.0	0.013403
SRR11917292_1	89.81187269884501	50.0	293.67319816411964	294	50.0	0.019826999999999997
SRR11917292_2	80.68290714681999	51.0	296.7404297170525	301	50.0	0.019826999999999997
SRR11917293_1	93.71852566163078	53.0	296.4322297224901	294	50.0	0.037332
SRR11917293_2	86.95489124611593	54.0	298.9670390013929	301	50.0	0.037332
SRR11917294_1	87.21093202522775	52.0	295.77798703573933	294	50.0	0.011415999999999999
SRR11917294_2	68.21128241065172	53.0	298.6824194113525	301	50.0	0.011415999999999999
SRR11917295_1	85.52407932011332	52.0	293.1626912181303	294	50.0	0.01765
SRR11917295_2	71.59206798866856	53.0	296.7973371104816	301	50.0	0.01765
SRR11917296_1	96.11358790463268	51.0	293.6759546423726	294	50.0	0.010317999999999999
SRR11917296_2	93.18666408218647	51.0	296.50552432641985	294	50.0	0.010317999999999999
SRR11917297_1	85.71120689655173	54.0	250.96239224137932	294	40.0	0.00464
SRR11917297_2	72.00431034482759	54.0	254.23771551724138	294	50.0	0.00464
SRR11917298_1	92.3828657041678	53.0	273.11795151184964	294	50.0	0.029368
SRR11917298_2	71.71411059656769	54.0	278.427233723781	301	50.0	0.029368
SRR11917299_1	86.62622597652928	52.0	274.6156528147854	294	50.0	0.017639
SRR11917299_2	79.09178524859686	53.0	282.88687000396845	301	50.0	0.017639
SRR11917300_1	97.78461226490022	54.0	293.4963076871082	294	50.0	0.059177
SRR11917300_2	95.12648495192389	54.0	296.27409297531136	294	50.0	0.059177
SRR11917301_1	96.12015018773467	55.0	294.60450563204006	294	50.0	0.004794
SRR11917301_2	93.74217772215269	55.0	297.2090112640801	294	50.0	0.004794
SRR11917302_1	90.26269702276707	55.0	292.4579246935201	294	50.0	0.01142
SRR11917302_2	77.43432574430823	55.0	295.47613835376535	301	50.0	0.01142
